100226
10029
10030
1003195
10036
1004011
10044
100756
10089
10090
10091
10093
10094
10096
1009714
10098
100989
10103
10116
101163
101187
101291
101317
10141
10144
101510
101596
102211
10224
10249
10254
102632
10280
102803
10299
10304
10306
10313
10315
10323
10324
10329
1033177
10338
10360
10363
103690
10370
10376
10377
10389
103903
103904
103906
103929
103941
103944
104060
104355
104623
104688
1049
10498
10515
1052
1052585
105351
105610
1058
10580
1061
1063
106370
10644
10658
106590
106592
10661
10665
10677
10678
10679
10703
10710
10724
10726
10747
1075
1075091
10754
10756
10759
1076
10760
1077530
1080
1081927
10824
1085
10863
10864
10879
10884
10886
1091494
109174
109781
110218
11033
11034
11059
1108
1108046
11082
11090
11097
11100
11105
11113
11116
1111708
11122
11132
11137
11142
11144
11151
11178
11195
11196
11198
11208
1121448
1122247
11235
11259
11283
11285
112883
11300
1133853
1140
1144313
114476
115339
115422
11577
115852
11589
11590
11622
11624
11678
1168
11680
11681
11683
11684
11685
11686
11687
11688
11689
11690
11691
11692
11693
11694
11695
11696
11697
11698
11699
11701
11702
117024
11704
11705
11706
11707
11708
11717
11746
1176036
11855
118974
11963
119829
120645
12081
12098
12104
12120
12126
121290
12130
12134
1214242
121428
1217068
121791
12183
12185
1221240
122586
1227453
12302
1230541
12336
1234705
12353
12456
124763
1249
1255043
1258
1260784
1263720
126767
126782
126796
1270
127021
1271
1280
128077
1284
128785
128952
12944
129470
129788
1301098
1308
1309
1311
1313
1314
1318
13249
1327989
13347
133704
13427
1343740
1348623
1352
1354
1359
1360
136217
13632
13677
13686
13689
136926
137071
137221
137527
137888
13894
138955
139
1390
1392
1396
1397
140101
1402
1403190
1404
1406
1408143
140968
141467
1421
1422
1423
142679
1428
142804
143350
143495
144766
1451
145168
145753
145953
1465
1471
1491
1491104
1492
149539
1496
149628
149682
1502
150395
1509
1515
1517491
1517683
1525
1528
1547922
157295
157554
1577145
1582
158878
1590
1590841
159087
15957
160488
160491
160492
160621
161274
161934
162425
1629
163134
1639
164110
165468
1665
1667
167618
1677
167935
169397
169683
169758
169857
169963
170187
171101
1718
1719
172269
172552
175771
176279
176299
1772
177437
178306
179355
179666
180498
180675
180856
180952
1814
182058
182262
182803
1831
183190
1833
1836
184428
184542
1848
1850
185217
185431
185447
1859699
186497
1866
186763
186872
187148
187420
1885
188937
1890
1891767
189518
1897
1901
190192
190386
190485
190486
1905
190515
1906
190650
1908
1909
190902
1911
1912
191219
1914
191427
191545
1916
192
1921008
192222
192326
1924
192414
192415
192416
1927
192919
192952
1931
1933
193462
1938
194439
194966
1950
195099
195102
195103
1960
196418
196600
196620
196627
1967
1971
197221
1977402
198628
199156
199310
200616
201963
2021
203119
203404
203992
204129
204270
204285
204722
205875
205879
205921
2064
2066572
206672
207559
208443
208964
210
210007
210202
211044
211110
211146
211586
212035
212042
212194
212717
214684
2148
215158
215358
2162
216594
216595
216596
216597
216895
2180
218497
218557
2186
2188
219594
2208
2210
221162
221454
221570
222448
222929
223283
223295
223341
223353
223751
223926
224308
224324
224325
224326
224911
224914
226185
226186
2264
2265
226809
226900
227
2271
227321
227722
227882
2283
228400
228410
2286
2287
229032
23013
230192
23211
233413
234826
235909
237561
237631
238
239355
239748
240292
242054
242110
242231
242507
242619
242841
243159
243160
243230
243231
243232
243233
243243
243265
243273
243274
243275
243276
243277
243365
244443
244592
245739
246196
246197
246200
246266
246982
247156
248308
2517092
252530
252780
254704
254849
256
257310
257313
257327
257335
257347
258594
2587412
259325
259368
259536
261
262316
262724
263820
264198
264199
264203
264483
264732
265669
265872
266
266117
266264
266265
266834
266835
267377
267608
268789
268960
269635
269796
269797
269798
269799
269800
2708
271
271217
271848
272141
272557
272558
272559
272561
272562
272563
272569
272620
272623
272624
272630
272631
272634
272843
272844
272942
272943
272947
273057
273063
273075
273121
274
27446
2748
2751
27543
2762
2769
277944
27804
278992
279010
279238
279730
279808
28038
28040
28068
281309
28131
281310
28214
282216
282458
28285
283166
2832
28369
28446
284590
284593
284812
284813
285
28502
28511
285219
285525
28572
286670
28956
289672
28973
290110
29022
2903
290398
290402
290576
291283
29154
29158
291604
292
292566
293
29301
29303
29320
29323
29337
29339
29342
294
29430
29471
295027
29542
29549
297
29719
29725
29760
29780
29808
298137
298339
298395
29924
299683
299727
300267
300852
301
301447
30195
302272
303
3037
3039
30494
3055
306
306263
307251
309800
31033
311402
311403
31165
31199
312017
312309
31234
31273
31286
313603
314256
314265
314266
314565
31518
31520
31530
316
316274
316287
31631
316401
31645
31678
31708
31722
317363
31757
31762
318
318586
319224
319348
31958
319795
32013
320483
32049
32053
321
321314
3218
322104
322710
323850
324057
324602
324833
326298
326423
326986
329
33
33013
33038
330779
330879
3311
331111
3316
331677
33178
332648
3329
3332
333284
333760
333761
3339
3349
3352
336074
33703
337052
33707
33727
338187
33899
339422
33945
33952
339670
339787
34
340
34028
340322
3406
341663
341676
341980
342109
34254
34256
342590
34305
343250
34405
34407
34413
3442
345072
345073
34553
34576
34621
34632
34647
34648
34649
3467
3469
34739
34771
3483
3486
348780
3490
3498
350058
35024
35128
351660
351746
3527
35304
353152
353153
3538
354
35531
35570
35608
3562
35621
35625
356346
356411
35671
3570
357809
358
35804
35806
35883
3589
359391
35941
35974
360393
360395
361634
3617
36188
362651
362663
3627
36307
36329
3635
36351
36375
36408
364106
36413
3649
3656
3659
36599
3661
3663
366602
3670
367110
36773
36774
367928
36863
3694
36963
369723
37000
3702
370292
3707
3708
3712
3714
37195
372551
3726
373036
373153
373193
3750
375434
37546
3755
37554
375577
376
3760
37610
376620
376686
37727
37738
37919
379576
379731
380174
380989
381128
381517
381518
3816
381666
381754
3818
3824
38314
383407
3837
384616
3847
384765
385957
38596
3860
386032
3864
3870
3871
387623
3878
3879
3880
3885
3886
3888
38945
389514
390785
3909
391
391574
391595
3916
3917
391904
392499
393133
39338
39350
39352
393595
394106
394503
39466
39490
395019
39682
39708
3981
3983
39855
3988
39946
39947
399549
399742
39984
4006
400668
401614
402612
40324
403778
403779
4039
404380
404589
4054
40559
4058
405948
405955
4060
40602
40631
407148
4072
4075
4081
408688
4092
409370
4096
4097
4100
410078
4102
410289
4103
410359
41058
4112
4113
411476
411684
411902
4120
412080
4142
4146
41496
4151
415426
416870
41689
419285
419947
420174
420246
42156
42157
421877
421879
4227
4232
423208
425011
426430
42684
429560
430902
43137
431936
431943
431947
432359
432528
43335
43358
435
43558
435590
436308
43759
439375
441771
442493
44250
446
446489
44689
4498
450149
4513
45212
4530
45351
453591
4536
45385
4550
455632
4558
456327
456481
4565
4577
458233
45831
45916
459349
46015
4606
46245
46348
46506
465515
4682
470
47073
47145
471472
471876
472
47421
47427
474922
4754
47660
47715
47716
47769
478009
47882
47884
479432
479433
48026
480358
48139
483148
48386
484022
48409
485
4850
485917
485918
487
487099
487796
488
489543
4896
4922
49314
4932
49338
498211
49827
49840
499177
500485
5005
50053
5017
50225
502347
50292
50344
50426
5044
50514
5059
5061
5062
507522
5076
5079
5082
510516
511
512
512346
5127
51351
51432
51453
51669
518882
52
520031
522373
523794
523841
525146
527005
52861
529024
5306
5315
531920
5322
53249
5334
53412
5346
53602
537457
5400
54061
542674
545
545124
545693
54571
546
547193
5476
5477
54796
548
5480
5482
549
550537
550538
55055
5507
55158
55183
55190
553
553175
553178
553480
5535
55423
55431
5544
5547
555479
55588
55601
55670
55837
559292
55952
56
561169
561230
562
5627
563923
565042
565050
5656
565653
566
5661
56636
5664
566546
56673
56690
56722
56780
5689
5693
5702
57059
57155
572477
57267
573
574521
57486
5755
5759
57706
578454
578461
579405
5802
580327
5811
58172
582
58218
58228
5823
582867
5833
58431
585
5874
588
58824
58839
588669
5888
588858
591157
591159
59241
59405
59406
59511
59689
59729
59899
60698
60710
60712
6082
6087
6100
61016
6110
61198
6123
61235
61267
61428
6145
615
6183
6192
621
623
6238
6239
6253
627192
6277
6279
6282
6283
6287
6289
62977
63186
632
6334
636
63677
63737
63746
639283
6396
6398
64091
64174
6431
644
644223
64459
64468
645099
64518
645657
64608
64660
648235
648237
648242
6492
6500
6501
650129
65032
652616
652961
6536
65409
6550
6565
65786
659
6610
66188
6622
66271
663
663331
6637
6645
665571
666126
66636
66712
66797
668
6687
6689
669
6703
6723
6728
673519
6755
6759
6761
678
67831
68170
68264
6850
6853
68570
6858
6863
6871
687861
6880
6884
6892
69002
69011
69014
6904
6908
6918
6928
694007
694008
694009
6941
6945
696368
696747
696863
6978
6984
6990
70019
7004
700598
7009
701176
70142
70226
70448
7054
70601
706191
7067
7091
7109
7116
7130
713604
7137
71412
71413
71421
714359
7153
71582
7159
7165
716541
716892
71721
717738
717774
72011
72020
7213
7217
7220
7221
7222
7224
7225
7227
7230
7234
7240
72433
7244
7245
72496
72550
72579
72586
7260
72607
727
727944
73376
73481
73482
7370
7375
7386
7437
7454
7460
746128
74613
7469
747
74940
749414
749527
7536
75379
756487
756488
75697
75873
7594
75985
75988
76114
763407
763456
7654
765715
7668
768066
768679
771870
7741
7757
7788
7815
78168
78245
7830
7849
78579
78630
7873
7886
7892
7924
7936
7937
7955
7957
7962
796210
79674
79676
79782
79929
7998
8018
8019
8020
8022
8023
8030
8090
8127
8128
81397
8153
817
818
81861
82095
82316
82367
8255
8265
82830
82834
82927
831
83131
8319
83331
83332
83333
83334
8345
8346
8348
83541
8355
8364
837
8376
839
8393
8395
84
8400
8401
8402
8404
8407
8439
84588
84635
847
8496
850
8502
85310
85439
85708
857306
85962
85963
86003
8613
8618
862751
86381
8642
8644
8649
8656
8665
8668
8673
868565
8692
8705
8707
8709
8713
8717
8718
8724
8725
8726
8730
8732
8736
8742
8753
8765
8769
87757
878
8801
88032
88036
88085
88086
88087
882
882378
8839
884204
8844
8845
88450
887061
89187
8932
89445
89462
9031
90312
90370
90371
90397
9091
9103
9135
91420
92519
9258
928296
928301
928302
928304
928306
93061
93062
930945
93154
93369
93372
93838
93934
94122
9490
9521
9534
9541
9543
9544
9598
9601
9606
9615
964
9685
97415
97441
9796
9823
98334
98360
9838
985010
98921
9913
9925
99287
9940
99571
99806
9986
99929
